23 1.0 2.0 1.0 25.355 0.0
47 0.0 0.0 1.0 13.093 1.0
47 0.0 0.0 1.0 10.113999999999999 1.0
28 1.0 1.0 1.0 7.797999999999999 2.0
61 1.0 0.0 1.0 18.043 0.0
22 1.0 1.0 1.0 8.607000000000001 2.0
49 1.0 1.0 1.0 16.275 0.0
41 0.0 0.0 1.0 11.037 1.0
60 0.0 1.0 1.0 15.171 0.0
43 0.0 0.0 0.0 19.368 0.0
47 1.0 0.0 1.0 11.767000000000001 1.0
34 1.0 2.0 0.0 19.199 0.0
43 0.0 0.0 1.0 15.376 0.0
74 1.0 0.0 1.0 20.941999999999997 0.0
50 1.0 1.0 1.0 12.703 2.0
16 1.0 2.0 0.0 15.515999999999998 0.0
69 0.0 0.0 0.0 11.455 2.0
43 0.0 2.0 1.0 13.972000000000001 3.0
23 0.0 0.0 1.0 7.297999999999999 1.0
32 1.0 2.0 0.0 25.974 0.0
57 0.0 0.0 0.0 19.128 0.0
63 0.0 1.0 1.0 25.916999999999998 0.0
47 0.0 0.0 0.0 30.568 0.0
48 1.0 0.0 1.0 15.036 0.0
33 1.0 0.0 1.0 33.486 0.0
28 1.0 2.0 0.0 18.809 0.0
31 0.0 2.0 1.0 30.366 0.0
49 1.0 1.0 0.0 9.381 2.0
39 1.0 0.0 0.0 22.697 0.0
45 0.0 0.0 1.0 17.951 0.0
18 1.0 1.0 0.0 8.75 2.0
74 0.0 2.0 1.0 9.567 4.0
49 0.0 0.0 0.0 11.014000000000001 2.0
65 1.0 2.0 0.0 31.875999999999998 0.0
53 0.0 1.0 1.0 14.133 2.0
46 0.0 1.0 0.0 7.285 2.0
32 0.0 2.0 0.0 9.445 3.0
39 0.0 0.0 0.0 13.937999999999999 2.0
39 1.0 1.0 0.0 9.709 2.0
15 0.0 1.0 1.0 9.084 2.0
73 1.0 1.0 1.0 19.221 0.0
58 1.0 2.0 0.0 14.239 4.0
50 0.0 1.0 0.0 15.79 0.0
23 0.0 1.0 1.0 12.26 2.0
50 1.0 1.0 0.0 12.295 2.0
66 1.0 1.0 0.0 8.107000000000001 2.0
37 1.0 2.0 1.0 13.091 3.0
68 0.0 0.0 1.0 10.290999999999999 1.0
23 0.0 1.0 1.0 31.686 0.0
28 1.0 0.0 1.0 19.796 0.0
58 1.0 2.0 1.0 19.416 0.0
67 0.0 1.0 0.0 10.898 2.0
62 0.0 0.0 0.0 27.183000000000003 0.0
24 1.0 2.0 0.0 18.457 0.0
68 1.0 2.0 0.0 10.189 4.0
26 1.0 0.0 1.0 14.16 1.0
65 0.0 2.0 0.0 11.34 4.0
40 0.0 2.0 1.0 27.826 0.0
60 0.0 1.0 0.0 10.091000000000001 2.0
34 0.0 2.0 1.0 18.703 0.0
38 1.0 0.0 0.0 29.875 0.0
24 0.0 2.0 0.0 9.475 3.0
67 0.0 0.0 0.0 20.693 0.0
45 0.0 0.0 0.0 8.37 2.0
60 1.0 2.0 1.0 13.302999999999999 4.0
68 1.0 1.0 0.0 27.05 0.0
29 0.0 2.0 1.0 12.856 3.0
17 0.0 1.0 0.0 10.832 2.0
54 0.0 1.0 1.0 24.658 0.0
18 1.0 2.0 0.0 24.276 0.0
70 0.0 2.0 1.0 13.967 4.0
28 1.0 1.0 1.0 19.675 0.0
24 1.0 1.0 1.0 10.605 2.0
41 1.0 1.0 0.0 22.905 0.0
31 0.0 2.0 0.0 17.069000000000003 0.0
26 0.0 0.0 0.0 20.909000000000002 0.0
36 1.0 2.0 1.0 11.198 3.0
26 1.0 2.0 0.0 19.160999999999998 0.0
19 1.0 2.0 1.0 13.312999999999999 3.0
32 1.0 0.0 0.0 10.84 2.0
60 0.0 2.0 1.0 13.934000000000001 4.0
64 0.0 1.0 1.0 7.761 2.0
32 1.0 0.0 1.0 9.712 1.0
38 1.0 2.0 0.0 11.325999999999999 3.0
47 1.0 0.0 1.0 10.067 1.0
59 0.0 2.0 1.0 13.935 4.0
51 1.0 1.0 1.0 13.597000000000001 2.0
69 0.0 0.0 1.0 15.478 0.0
37 1.0 2.0 0.0 23.090999999999998 0.0
50 1.0 1.0 0.0 17.211 0.0
62 0.0 1.0 1.0 16.594 0.0
41 0.0 2.0 0.0 15.155999999999999 0.0
29 1.0 2.0 1.0 29.45 0.0
42 1.0 0.0 0.0 29.271 0.0
56 0.0 0.0 1.0 15.015 0.0
36 0.0 0.0 0.0 11.424000000000001 2.0
58 1.0 0.0 1.0 38.247 0.0
56 1.0 2.0 1.0 25.395 0.0
20 0.0 2.0 0.0 35.639 0.0
15 1.0 2.0 0.0 16.725 0.0
31 0.0 2.0 0.0 11.870999999999999 3.0
45 1.0 2.0 1.0 12.854000000000001 3.0
28 1.0 0.0 1.0 13.127 1.0
56 0.0 1.0 1.0 8.966000000000001 2.0
22 0.0 2.0 0.0 28.294 0.0
37 0.0 0.0 0.0 8.968 2.0
22 0.0 1.0 1.0 11.953 2.0
42 0.0 0.0 1.0 20.012999999999998 0.0
72 0.0 2.0 0.0 9.677 4.0
23 0.0 1.0 1.0 16.85 0.0
50 0.0 2.0 1.0 7.49 3.0
47 1.0 1.0 0.0 6.683 2.0
35 0.0 0.0 0.0 9.17 2.0
65 1.0 0.0 0.0 13.769 2.0
20 1.0 1.0 0.0 9.281 2.0
51 0.0 2.0 1.0 18.295 0.0
67 0.0 1.0 0.0 9.514 2.0
40 1.0 1.0 1.0 10.103 2.0
32 1.0 2.0 0.0 10.292 3.0
61 1.0 2.0 1.0 25.475 0.0
28 0.0 1.0 1.0 27.064 0.0
15 0.0 2.0 0.0 17.206 0.0
34 0.0 1.0 1.0 22.456 0.0
36 1.0 1.0 1.0 16.753 0.0
53 1.0 2.0 0.0 12.495 4.0
19 1.0 2.0 0.0 25.969 0.0
66 0.0 2.0 1.0 16.347 0.0
35 0.0 1.0 0.0 7.845 2.0
47 0.0 0.0 0.0 33.542 0.0
32 1.0 1.0 1.0 7.477 2.0
70 1.0 1.0 1.0 20.489 0.0
52 0.0 0.0 0.0 32.922 0.0
49 0.0 0.0 0.0 13.597999999999999 2.0
24 0.0 1.0 1.0 25.785999999999998 0.0
42 1.0 2.0 1.0 21.035999999999998 0.0
74 0.0 0.0 0.0 11.939 2.0
55 1.0 2.0 1.0 10.977 4.0
35 1.0 2.0 1.0 12.894 3.0
51 0.0 2.0 0.0 11.343 4.0
69 1.0 1.0 1.0 10.065 2.0
49 0.0 2.0 0.0 6.269 3.0
64 1.0 0.0 0.0 25.741 0.0
60 0.0 2.0 0.0 8.621 4.0
74 0.0 2.0 0.0 15.436 0.0
39 0.0 2.0 1.0 9.664 3.0
61 0.0 1.0 1.0 9.443 2.0
37 1.0 0.0 0.0 12.005999999999998 2.0
26 1.0 2.0 0.0 12.307 3.0
61 1.0 0.0 0.0 7.34 2.0
22 0.0 0.0 1.0 8.151 1.0
49 0.0 2.0 0.0 8.7 3.0
68 0.0 2.0 1.0 11.009 4.0
55 0.0 1.0 0.0 7.261 2.0
72 1.0 0.0 0.0 14.642000000000001 2.0
37 0.0 0.0 0.0 16.724 0.0
49 0.0 0.0 1.0 10.537 1.0
31 0.0 2.0 0.0 11.227 3.0
53 0.0 0.0 1.0 22.963 0.0
59 1.0 0.0 1.0 10.444 1.0
34 1.0 0.0 0.0 12.923 2.0
30 1.0 1.0 1.0 10.443 2.0
57 1.0 2.0 0.0 9.945 4.0
43 0.0 1.0 0.0 12.859000000000002 2.0
21 1.0 2.0 0.0 28.631999999999998 0.0
16 0.0 2.0 0.0 19.007 0.0
38 0.0 0.0 1.0 18.295 0.0
58 1.0 0.0 1.0 26.645 0.0
57 1.0 1.0 1.0 14.216 2.0
51 1.0 0.0 0.0 23.003 0.0
20 1.0 2.0 1.0 11.262 3.0
28 1.0 1.0 1.0 12.879000000000001 2.0
45 0.0 0.0 0.0 10.017000000000001 2.0
39 1.0 1.0 0.0 17.225 0.0
41 1.0 0.0 0.0 18.739 0.0
42 0.0 2.0 0.0 12.765999999999998 3.0
73 1.0 2.0 1.0 18.348 0.0
48 0.0 2.0 0.0 10.446 3.0
25 0.0 1.0 1.0 19.011 0.0
39 0.0 1.0 1.0 15.969000000000001 0.0
67 1.0 1.0 1.0 15.890999999999998 0.0
22 1.0 2.0 0.0 22.818 0.0
59 1.0 1.0 1.0 13.884 2.0
20 1.0 0.0 0.0 11.686 2.0
36 1.0 2.0 0.0 15.49 0.0
18 1.0 2.0 1.0 37.188 0.0
57 1.0 1.0 0.0 25.893 0.0
70 0.0 2.0 1.0 9.849 4.0
47 0.0 2.0 1.0 10.402999999999999 3.0
65 0.0 2.0 0.0 34.997 0.0
64 0.0 2.0 0.0 20.932 0.0
58 0.0 2.0 1.0 18.991 0.0
23 0.0 2.0 1.0 8.011000000000001 3.0
72 0.0 0.0 1.0 16.31 0.0
72 0.0 0.0 1.0 6.769 1.0
46 1.0 2.0 1.0 34.686 0.0
56 1.0 0.0 1.0 11.567 1.0
16 0.0 0.0 1.0 12.005999999999998 1.0
52 0.0 1.0 1.0 9.894 2.0
23 0.0 1.0 0.0 14.02 2.0
40 1.0 0.0 0.0 11.349 2.0
